x <- 12:90
x <- function
