some test
some more text 
x <- 45:89
y <- 23:90
